basic
light 0 0 1200 0 0 0 0 NN
light 0 0 1400 0 0 0 0 NN
light 0 0 1400 0 0 0 0 NN
force 200 0 800 3640 0 200 2160 RO point
light -200 0 1200 2640 0 1200 2160 NN
force -200 0 950 2640 0 1200 2160 NN 1
light -100 300 950 2904 1672 232 290 RC
force 0 0 800 0 0 200 2160 LO point
light 300 0 1200 0 0 1200 2160 NN
light 100 100 950 0 1085 1050 500 NN
light 100 100 950 0 1085 1050 500 NN
light 100 100 950 0 1085 1050 500 LC
force 200 100 800 3640 0 200 2160 RO point
force 200 100 950 2640 0 1200 2160 NN 3
light 200 100 950 2640 0 1200 2160 RO
light -100 0 800 0 0 200 2160 NN
light -100 0 800 0 0 200 2160 NN
light 0 0 950 2640 0 1200 2160 NN
light 200 100 1200 2920 1950 865 176 RC
light 0 0 1000 0 0 0 0 NN
light 0 0 1000 0 0 0 0 RC